1384198
1945424
1844423
1939777
2219247
2245264
1048767
1050230
2318350
1720295
2238594
2434547
4244079
6280544
6158048
6140823
7141882
7119550
7155662
7221061
7247095
7305060
7351054
7350899
7378033
7350856
7466692
7449313
7548672
7550715
7554850
8128006
8150133
8168180
8195935
8218439
8225354
8272956
8118922
8242763
8220565
20519605
20868707
24181900
25853503
26378027
27651304
27164403
28180062
28179943
28180054
30554179
30565073
30624266
30680093
30547741
30515041
30845742
60001941
60000023
60099402
60094273
60114185
60193328
60194480
60207507
60273224
60392258
60518049
60513535
60530944
60558121
60584629
60586133
60608536
60738316
60740221
60786469
60817089
60852569
61042536
61147931
61215120
61246476
61284920
61351601
61351415
61351342
61547840
61551821
61726818
61845396
61965499
61987506
61964395
62060627
62060554
62066005
62085506
62078224
62083511
62129473
62200585
62213083
62250515
62247476
62270249
62287281
62288911
62289276
62280678
62294431
62301233
62334700
62338056
62363603
62322524
62369296
62378082
62378139
62371878
62371916
62381768
62385437
62389041
62389920
62385461
62394401
62371819
62389475
62390481
62398903
62402501
62409212
62391925
62405837
62409166
62415832
62413716
62414151
62422642
62429256
62431935
62436635
62433288
62439596
62444131
62419013
62433970
62457381
62454943
62457713
62468987
62468138
62464310
62455419
62471341
62489968
62491792
62468979
62498460
62498533
62457799
62566768
62570609
62566733
62654195
62561723
62569503
62652850
62657542
62641107
62676687
62670751
62663631
62684922
62644211
62697439
62678418
62696114
62695525
62684957
62676369
62695320
62566393
62659057
62694057
62666711
62736345
62693980
62678108
62659006
62684256
62741772
62674552
62796739
71401946
71771336
75536447
78203759
91944244
91948177
91955106
91956943
91959322
99244926
99245027
99302780
99406136
99279320
91944562
99505495
99521296
99557266
99579936
99664313
99740915
99911701
99922800
99599368
99554798
131983334
136879721
139357432
140035664
140019960
140058893
140053204
140092501
140094385
140127925
140187642
140257934
140277633
140282777
140309578
140324623
140434968
140390707
140434186
140430229
140434917
140441409
140437681
140444300
140439129
140447938
140502416
140542957
140861750
141028416
141027592
141033576
141040017
141043768
141034599
141027126
141192496
141185627
141188936
141347406
141339578
141378247
141981725
142000000
141980362
142003425
142181277
142401013
142403873
142411108
142428337
142800376
142800422
142427888
143028456
142501123
143036424
143104942
143111620
143105531
143111604
143110381
143114964
143115626
143117467
143119273
141802766
143113496
143123238
143127535
143128086
143125478
143129678
143142372
143129430
143127748
143143662
143132172
143142364
147508770
147514533
147520223
147523265
147520762
147525071
151015392
156421178
224095374
230755062
230769152
230821294
230749259
230700101
241003806
241145678
241003709
241242738
241257409
241335434
241254736
241351642
241300657
241308550
241290090
141388668
263890236
263932109
263932079
263932052
297643797
297851527
297867288
297871455
306825465
306825236
307021408
307266303
307246248
307281620
307283666
307341577
307352110
307284174
307352145
99271834
307395014
307401391
307452794
307477479
307582884
307719774
307729915
307737039
307730727
307740994
307747441
307877183
307888002
307877132
307886263
307888304
307881393
307916618
307929574
307916650
307933113
307939650
307952967
307931889
307958132
307962520
307968928
307989909
307987647
310087341
310088054
310210062
310220157
310209749
310228344
310314690
310293243
310332443
310332540
310341590
310342252
310344964
310337771
310348137
310344751
310347696
310349788
310515025
310607612
310752477
310760658
312020309
312311532
312330529
312346069
312352557
312360266
312360282
312368410
312365160
312377037
312427573
312495412
312510810
312537409
312569513
312577230
312577222
312641893
312658656
312850093
312853238
312940661
312941919
312950489
312938640
312983379
316041556
316058831
316033677
316069434
316071048
316101699
316097519
316153982
316154725
316176508
316152196
316199869
316211273
316225886
316225940
316228532
316225983
316225908
316217646
316261246
316273902
316274046
316290033
316276065
316273880
316310271
316273511
316316121
316332836
316339377
316349550
316352535
316362654
316387843
316362476
316395560
316395439
316395455
316411108
316418749
316411884
316412651
316433993
316414247
316478512
316473499
316475114
316504823
316508802
316441325
316513229
316512583
316505161
316558214
316556343
316547611
316554766
316735787
316903981
316909718
330029401
330312561
330301624
330344943
330319337
330344978
330419668
330419641
330419676
330544438
333726316
334028566
340364777
99619105
340821957
340824255
340863684
340820462
340952245
340980486
340979496
345027507
345275136
345283066
345335295
345388771
345423399
345427637
345443233
345461371
345486455
345505336
345529111
345534530
345531051
345541464
345531116
345542975
345546806
345544072
345546792
345544978
345543246
345803787
345549228
345815734
349141800
349407762
349403678
349409420
349410275
349410917
349416540
349413681
349142920
349409455
349409161
349140359
349409315
349416729
349411441
349414939
356500713
356506002
373212372
373510349
373789963
373799330
373799357
373803680
373838840
374203105
374300216
374304432
374386153
374521727
375416676
375432329
375434542
375725601
375760377
375832416
375832556
375825533
375836314
375847111
375868488
375862420
380703475
380773384
385296479
385332866
385316917
385336667
385342462
385344430
385341008
385343299
385342578
385349173
385352166
385384424
385408250
385376715
385426151
385349343
385513534
385541996
385542763
385543913
385541198
385541171
385542232
385543026
385539436
385689225
385689632
385677006
385755929
393050939
393066800
393088693
393249220
393325997
393608719
393609391
394551907
394716795
395353009
395510600
396093205
399132635
399140557
399147489
399144706
399150560
399156240
399155759
399150811
399159347
399154965
399159894
399161503
399158820
399167064
399167501
399159010
399169458
399169814
399168915
399173595
399176624
399176748
399171274
399176616
399176063
399171444
399177760
399174567
399175571
399179887
399179194
399184015
399183736
399179135
399549781
399536493
399553541
399559183
399551352
399562850
399563792
399557288
399575065
399575634
399575510
399568328
399564322
399563083
399585273
399581189
399579052
399584226
399583750
399583831
399585966
399584773
399585052
399593578
399592067
399591141
399594604
399587667
399591656
399593489
399587888
399592881
399587241
399590501
399562451
399592032
399583084
399585516
399585168
399589414
399587225
399580883
415958628
416200206
425109291
425166449
425188841
425183971
425191656
425191249
425196216
425183092
425232476
425244989
425257150
425259854
425265471
425269485
425276384
425273865
425281698
425281280
425284689
425280101
439023521
439249546
439287197
439358078
439417848
439425700
439845092
440235332
440236347
441008356
446527793
446546925
446568813
446616176
446694495
448461021
448494116
448494396
449001032
449012751
449150631
449214265
451165209
451196856
451211634
451216954
451230825
451412656
451419707
451412729
451475348
451475216
451493893
451484231
451488903
451494326
451496531
451490452
452261740
465002609
465066984
470100281
470560770
471272353
330462709
473279932
473319705
486420604
486460363
486499057
486796647
486818578
515130486
517415283
517580497
521231515
525426019
525429670
525435875
525434410
525491937
525494340
525498842
525524339
525497145
525501312
525497528
525492348
525575642
525589929
525492127
525534393
525590633
525590374
525522603
525572589
525631526
525520228
525501266
525492461
525655018
525501541
525501525
525562516
525954341
525574530
525954821
525955119
528017411
529120887
529123851
544025830
544098269
544114604
544104404
544320832
544334485
544558146
544617347
544275004
544648927
544867858
544866460
544971264
544824385
544868137
545208858
545582881
545685346
545787807
545930804
545919770
547807686
552160962
552574775
552778478
553062182
553106554
553085743
553106309
553239856
553280511
553280414
553292587
553381156
553418025
553419056
553418335
553496646
553508784
553522779
553550608
553526936
553565338
553586602
553818171
557941229
571330622
573704791
575081406
575102489
575097418
586085718
590047019
593072960
593074815
593079590
593077393
595465412
595465501
596007124
606001387
606316590
613121872
615351913
615552935
615553028
615590624
615635938
615638864
615654304
615718523
615788084
615819710
615824412
615926126
615964338
615982913
634065408
641866240
648206009
664262678
671004123
671003364
671315285
671253972
671449028
671424661
671747096
679806636
679891153
679893571
688177751
689823223
689832338
689835604
143782797
691173222
692000399
692048200
692057803
692070796
692055231
692220054
692239006
692244077
692283811
692303529
692357009
692456147
692466339
692471839
692487441
692489266
692538372
692554394
692543120
692575464
692584277
692618368
692673679
692665463
692741755
525589333
692766693
692775536
692795367
692825932
692880968
692893172
692898115
692909028
692925740
692998152
692977066
692936629
692999523
694013889
692976701
718000889
718011880
718031512
718032705
718073991
718077954
718079906
718084446
718037642
718078136
718080602
718084225
718085760
718036972
718095464
718096126
718074963
718039505
718096312
718094190
718090934
718091841
718099397
718077296
718182928
718181069
735213291
735212481
735213186
735221952
735212759
735217203
735209235
735262454
735224714
735221960
735217645
735289824
735290253
735290717
735215898
735217351
735227780
736423125
736434704
736965149
736973540
736971017
738737747
738737836
738754382
738750689
739438069
739430718
739488775
740721909
740759515
743231880
743436784
743467728
743497651
743491726
743580818
745917437
749958790
751543810
751550051
751568333
751565350
751552674
753556804
755396111
756408733
756412838
758273444
758605323
761136703
761168257
761189130
761193758
761189602
761188568
761193634
761188975
241320887
762415339
762452382
763600512
763600474
763624330
763667625
764162225
764209752
764217798
764217771
764219073
764219278
764219219
764213504
764219480
764219863
764218999
764228277
764230247
764219294
765309408
765317583
692085912
692845984
451486838
765335344
765375869
765376458
765376474
765376733
765376717
765385252
765396378
765393581
765388243
765395959
765392275
765393417
767916891
767922468
768417422
768417864
778312690
778314790
778317803
778319210
778319911
778319059
778319806
778321320
778319768
778319814
778324893
778328775
778327507
778331164
778331040
778330710
778330168
778331024
778331105
778330907
778330265
648034062
785120122
785192557
785216731
785218955
785229213
785262180
785215964
785289623
786014474
786012676
786020407
786965592
786966203
786965967
787305022
788838083
789333287
789333473
789716364
789756315
794822673
794840043
794828833
800720377
800721225
800726634
800723260
800727460
800727576
800727479
800728807
800728785
800727436
800727347
800727215
800726995
800729382
800797884
801015707
801017157
801019621
801075726
801075300
801075254
801075904
802127002
802127150
802126596
802127487
802127355
802127169
802127339
802124941
802407692
802412726
802415962
802416888
802450121
803476027
804185328
804190119
804189986
804179034
805017593
805094598
805448659
806974478
807534404
810959259
812994434
817015116
825445337
826314171
830843329
842320121
842384979
843135689
843133562
849946158
857521934
871404230
871409410
877934533
553265571
886878209
891097287
892211237
894868349
910034842
911207023
916441423
916856291
934986851
956596258
956998593
956998550
957652267
963942964
964326108
967089735
973673699
974778974
975959484
976571501
554364123
978507517
979916577
982002718
982618492
982657404
982717105
983002223
983952450
984004858
984176608
984358102
984391630
984431101
984502203
984528199
984550518
984946446
821774999
985665831
985723572
985777338
985665858
985886722
986109991
986167231
986167215
986214744
986274844
986325201
986383651
986393312
986444243
986842222
987337297
988038919
988344890
988323745
988508230
988497484
988566613
988893932
989281094
989281078
989373843
989354431
989508005
989475506
989688305
989920119
989986322
989950247
990337715
990378500
990404838
990414450
990552764
990678849
990604241
990429245
990711226
990716643
990774058
990874184
991055845
991190955
991179633
991190912
991190939
991292537
991310667
991518578
991499778
991499727
991639111
991677196
991641426
991639138
992244609
992534550
992550726
993569501
994239173
994069375
994630638
994865104
995236151
995030189
995349975
995507503
995301239
995507562
995236127
995711321
995623309
995788340
995401225
995557942
996044906
996135693
996135677
996133755
996243003
996274758
996448349
996448381
996539530
996634681
996654704
996715002
996863788
996863745
996869107
996910204
996927131
996935835
996927107
996988130
996980059
997193557
997204168
997145188
997258853
997258802
997316403
997389907
997392606
997403268
997392630
997471328
997482206
997532009
997532033
997528974
997513918
997561505
997561580
997665130
997634820
997832207
997869194
997897406
997817402
997929758
997895829
997974974
997990147
997832347
997929723
998085480
998150517
998142670
998141429
997990104
998216402
998274143
998274135
998282480
998243035
998310131
998195081
998335347
998310115
998358363
998335339
998411051
998364738
998310182
998335304
998538191
998299200
998624667
998568015
998666920
998410152
998714038
998737968
998815527
998714305
998815543
998854204
998894753
998876410
998863815
998990922
998894737
999048228
998986739
999076647
999009680
999048287
999025333
999025392
999120808
999036416
999287621
999048295
999188011
999348035
999370944
999362127
999349821
999287354
999453041
999370979
999461230
999424416
999410717
999388819
999540416
999689401
999674714
999584421
999784102
999834517
999834533
999769103
999812602
999652710
999782002
999503308
999701223
999834525
999812610
994865198
606357475
692986375
718090527
764219375
62643800
764218050
986214779
996893660
997990112
692823522
999848313
999780816
393652106
800729781
692095675
999686135
999428020
998730904
998166774
993287859
991500598
986324574
999834509
996954074
998815500
999812637
998420077
996135669
995236178
998128023
988301377
62349473
525521194
997005599
648023141
997005556
998674133
788803379
996903852
997352205
62326031
996189084
997070897
399177019
62463616
8123209
62641743
375969020
646963872
998683728
999850407
999432400
996799214
999424408
997894660
692121919
692220984
843198915
735217793
648023176
989218449
316412694
615938248
692945636
999812629
399591435
999583670
544748069
983915032
986396850
62670557
979173035
692056327
997813407
399553924
801019354
992517087
62422677
62674560
692138153
988315610
735218730
989354458
997641495
997532254
997869119
998749168
982748809
399594094
735291268
62791532
988843382
465094252
999784153
62679104
62448145
62674153
553498819
994488165
62667602
399586059
999794701
999847422
800734734
998229636
425281396
62792318
62872745
62468995
764212834
525592431
62668757
544947312
764213482
830841458
735291292
992019508
997826401
996660917
999362143
451489217
62699229
525522778
399180982
399556834
373802501
764217674
62396668
525521224
998315184
425255689
735291330
999816608
525483705
735218595
764230298
764212974
994147503
525576320
2117010
2214830
2219417
2210967
2211505
2226529
2614545
6280943
6176976
6472303
2318652
6482244
6532365
7118910
7120818
7117213
7193181
7201745
7201788
7194498
7267568
7275528
7303734
7295685
7276176
7345631
7386982
7386621
7350961
7269854
7467648
7442319
7494688
7501447
7518021
7493754
7523084
7532571
7951183
7410956
8131996
8181187
8174946
8196915
8158525
20088221
8267944
27701301
28610105
30802873
60012897
60087714
60085452
60093579
60146540
60119012
60154969
60165693
60163704
60176520
60176121
60177128
60177721
60176512
60187573
60183772
60279389
60391189
60392088
60392193
60517603
60521600
60537337
60539550
60535229
60541830
60526157
60548940
60585447
60590270
60589957
60737921
60737751
60735430
60781939
60786841
60822554
60820772
60825855
60845392
60898585
60923407
60929421
60922516
60930721
61020648
61057517
61092185
61098590
61116246
61122211
61099503
61141364
61161217
61227374
61195421
61246395
61240257
61245097
61245089
61344796
61441783
61441805
61583219
61583227
61583073
61690449
61702323
61715727
61730939
61723746
61749443
61777250
61783161
61808164
61806382
61783196
61783188
61836656
61732990
61915106
61953342
61953385
61974579
61986720
61989479
61992259
62001353
61996335
62014072
62009621
62020579
62060589
62071815
62075241
62076086
62076108
62085530
62076116
62086405
62086286
62095072
62095005
62088912
62112538
62132563
62108824
62135902
62135511
62207652
62213660
62216384
62209507
62198769
62225065
62224379
62230514
62242164
62245376
62257838
62267566
62293796
62303899
62302647
62267434
62316893
62330268
62309447
62334859
62331639
62356542
62362860
62360248
62377140
62362593
62380753
62389009
62389025
62394169
62410407
62394193
62402153
62390511
62416499
62424823
62429949
62433202
62435094
62427660
62438891
62451944
62412655
62469835
62418424
62455621
62473484
62468219
62465627
62468251
62497936
62564625
62561596
62642553
62654128
62652982
62675184
62676660
62694103
62571737
62656473
62661965
62677187
62720465
62666622
62677489
62686704
62820478
62663119
64401308
62796763
62837877
64433404
70131430
70122059
70380074
70532095
70510989
71101721
71263454
71263861
71287981
71413189
71545859
71747303
71765654
71841857
72227907
72819596
73529745
73525316
73528013
78024021
78028493
91796180
91949300
91958164
99200910
91959195
2337797
99288524
99453193
99481685
99507005
99503093
99443104
99534630
99519720
99527863
99550067
99560232
99540762
99567334
99546078
99601117
99574918
124116442
130840831
131198165
131835572
131931679
132354837
132669153
133126145
133708756
133988066
134082311
134279190
139226745
140032606
140012117
140067485
140051643
140072853
140125590
140125183
140157557
140186549
140185682
140187073
140186581
140260927
140219617
140280197
140344438
140341587
140367594
140389660
140366709
140432086
140437592
140435131
140445080
140513639
140569324
140568093
141012692
141044241
141180250
141047186
141320222
141365609
141337168
141362774
141441453
142000892
142181498
142181528
142001430
142404292
142403997
142406902
142404241
142414301
142415251
142417505
142419907
142426296
142428469
142419877
142501417
142429368
143035835
143039245
143110942
143110519
143108956
143110209
143113712
143107143
143034898
143111582
143118390
143110012
143118889
143119826
143122363
143123688
143126318
143126695
143126482
143128531
143121111
143123548
143130064
143142321
143145231
143125834
143144529
147510465
143198440
147513154
147515467
147530520
147517184
147522404
151185492
151422990
151012709
152001034
190248033
190457325
192727729
190226765
192804812
195050665
195059158
195104978
195130405
195132408
195149114
199211426
199781729
201379260
205059333
205223311
205580963
224060260
226174379
230014453
230744990
230762867
230619509
231162847
241181046
241207010
241116880
241280974
241298989
241951860
253205468
263875148
263892379
292706731
292730764
292756518
299179702
300108834
300179030
300186185
300204361
300206127
300211589
307021521
6531911
306823063
307010554
307020711
307119378
307119815
307135276
307168530
307130819
307237907
307264920
307269019
307280330
307280721
307279030
307337901
307341755
307378195
307391663
307405796
307453693
307458768
307582930
307589234
307700968
307720012
307731499
307720667
307737306
307740803
307731413
307740986
307739651
307750892
307750973
307886859
307888754
307879453
307929612
307915476
307929582
307916405
307945138
307943232
307931374
307952495
307949338
307956873
307956555
307977617
307961400
307982939
140375872
307986934
310080673
310212944
310200261
310236266
310275016
310276462
310278724
310282926
310285089
310326273
310286514
310337216
310330718
310350328
310344549
310410266
310346681
310410274
310421225
310431581
310719275
310701287
310751187
310758661
310757886
310761085
310758734
310762332
310750393
310753457
310762030
312020317
312032722
312055994
312141130
312114109
312155824
312206356
312240910
312253990
312251947
312269587
312278241
312285418
312313195
312318405
312317808
312323859
312324642
312332637
312331770
312335326
312348673
312338813
312351666
312352573
312357729
312352468
312354355
312360304
312361645
312365748
312366175
312363168
312368097
312369123
312377045
312387962
312426119
312493533
312509510
312508174
312521618
312517890
312517386
312516231
312545622
312546610
312561121
312576250
312588879
312591055
312598386
312594496
312611617
307747808
312655452
312681925
312655460
312850581
312655479
312854315
312852185
312854765
312854285
312857691
312853955
312867298
312890532
312876637
312934920
312939000
312937342
313334102
307291456
316018597
316024627
316044695
316043672
316066524
316058254
316069361
316069485
316069515
316067962
316097845
316122556
316126705
316125946
316154067
316168211
316196991
316209872
316219193
316228044
316244589
316242853
316277282
316247758
316268100
316274038
316290602
316316997
316332224
316316334
316349356
316349003
316349585
316380504
316342939
316390895
316403423
316391824
316394904
316469238
316468924
316469777
316413151
316468703
316434817
316407046
316434159
316466689
316504092
316510939
316552763
316553379
316558923
61005606
316845256
316955167
321543726
323016316
323029280
323068693
323221823
323265413
323113435
325007020
330375466
330345052
330510339
330513699
340320346
340835494
340935618
345015959
345027035
345286464
345291417
345306600
345294785
345312376
345321014
345325699
345322460
345378660
345384369
345379624
345422317
345422953
345423429
345433262
345438094
345448847
345457641
345464753
345467337
345458389
345463935
345468988
345482743
345515633
345515501
345532015
345533054
345543122
345544013
345539125
345540115
345545354
345544110
345545834
346123267
349006180
349104522
349408076
349401713
349405999
366363980
370006143
373010370
373080018
373096410
373078595
373117582
373167598
373250134
373447396
373445326
373447337
373447469
373513739
333516516
373657706
373712960
373713444
373719744
373730934
373752423
373757662
373773641
373773587
373776438
373776705
373778317
373779666
373777744
373785267
373789416
373789424
373789777
373789955
373789319
373777655
373789696
373802765
373804032
373803583
373799292
373820615
373833423
373835701
373864299
374111197
374104115
374106681
374156042
374179549
374184216
374181055
374154902
374229708
374265518
374234574
374322589
374380104
374487359
374525080
375415122
375423222
375422188
375431128
375431608
375433791
375502041
375502459
375433244
375432957
375700676
375507396
375828826
375834486
375829067
375829059
375841776
375863397
375858008
375865012
375867678
375872132
375869778
380700514
380704420
380709511
380497182
380713055
380715929
380719002
380767732
380774577
380784505
380788640
380795981
380789973
380798913
380803402
380802600
380803399
380820668
380820676
385043104
385043627
385052154
385141718
385194854
385195192
385260121
385264739
385295278
385306024
385333595
385337566
385337612
385338910
385343191
385343167
385343140
385347405
385346875
385346409
385345100
385344422
385353901
385346972
385344406
385403186
385385153
385425309
385413904
385475713
385384211
385488386
385494688
385502044
385513283
385683421
385730640
385754760
373789912
62467123
393061469
393084043
393077829
393137465
393249468
393245217
393253716
373048920
393351556
393954803
394407652
394419464
394442911
394435958
394483383
394470001
394519922
394511913
394713516
394758439
395075068
395174511
395331455
395359759
395339707
395318327
395652413
395680840
395910811
397008643
399122427
399139486
399144331
399143874
399138285
399144218
399147101
399150455
399151311
399154345
399154574
399151540
399156879
399157336
399156232
399154043
399160450
399159509
399160140
399157689
399159312
399165266
399166521
399169466
399171134
399172920
399175148
399181199
399177477
399185615
399176411
399209913
399178929
399184570
399225277
399247726
399525173
399536655
399550887
399563121
399574522
399578927
399576665
399574700
399586318
399586997
399587403
399584501
399586407
399576711
399592806
399583815
399585117
399562516
399594442
399585915
415226120
425054616
425142825
425144917
425147177
425155803
425152561
425157245
425162435
425150534
425160939
425165698
425169340
425177459
425180042
425189473
425194523
425193918
425203875
425208648
425216039
425222144
425221008
425231372
425229890
425237710
425235238
425243214
425244083
425245411
425252000
425252698
425256138
425258068
425260410
425260429
425262561
425266028
425266346
425267067
425266265
425269566
425270696
425269027
425274101
425273474
425267083
425277259
425275973
425265102
425275744
425280055
425275523
425280950
425278379
425281256
425280721
425272982
425282805
425285677
425282961
425285499
425281701
425276627
425278530
425282619
425288331
425288749
425282740
439271649
439411831
439399300
439764211
439815363
440110653
440177049
440183081
440178592
440223733
440234557
440236371
440245842
440407079
440415802
440429838
440459419
440466334
440596114
440947979
441011764
441013279
441017177
441807445
441225519
446300152
445406836
446313033
446360023
446353930
446505781
446512206
446518131
446517429
446517941
446527289
446531316
446530387
446531987
446559342
446558931
446580287
446583146
446580848
446603058
446618861
446616168
446617687
446617210
446671827
448428725
448095173
448434105
448451824
448464608
448493969
448481405
448489031
449000753
449816664
451157974
451155580
451181816
451183983
451197887
451199510
451200551
451204255
451206630
451208730
451209605
451214552
451214706
451222458
451232232
451236629
451404386
451407741
451404165
451409086
451414713
451410319
451416082
451415396
451419936
451454324
451416767
451468686
451469984
451470958
451470869
451473884
451475623
451476581
451493125
451476573
451497147
451488849
451477456
451477200
451488563
451497392
451476816
452011574
452274427
451534042
452277205
452272041
452288622
452295580
452298881
452298393
465021492
465022502
465018432
465028322
465031560
465031730
465036732
465059996
465087655
465098967
470196114
470279303
470379251
470423390
470462442
470462086
470888563
470880015
470888555
470901012
470913029
471134473
471281565
471433349
471684961
471727636
473416549
473334461
486202712
486228029
473401800
486240142
486246957
486258076
486260577
486262448
486272982
486278328
486277305
486298671
486403084
486401405
486408345
486413373
486416860
486424596
486428451
486419266
486451224
486452859
486455912
486476855
486803902
495902667
495600814
500420335
500289824
500292612
515131539
515143189
515133337
517092727
517162067
517168014
517193345
517395754
517500930
517548232
517570394
520006755
520043545
520294823
525420282
525429204
525429492
525432957
525444513
525435085
525501274
525589236
525536728
525572937
525948236
528820508
528881817
525955186
529104407
529118696
529110202
544001125
544002229
544313615
544126688
544227808
544226208
544334523
544334493
544368053
544284771
544483944
544417852
544330145
544454367
544373286
544663330
544387686
544633377
544339126
544750314
544918886
544811909
544944607
544949080
544935276
544836472
545200709
545201098
545386969
545433878
545326869
545505178
545615402
545540895
545484383
545627737
545630851
545795508
545698987
545795559
545855535
545850975
545900182
545919746
545855519
547152442
547248806
547195575
547506147
547516185
547641028
547973373
552172782
552779709
552649171
553081306
553062948
553104926
553099809
553106686
553140035
553142895
553147986
553267167
553278193
553267760
553277421
553299514
553418556
553386638
553447580
553498010
553510851
553525174
553534661
553563580
553573268
553578596
553578588
553581937
553583239
553586513
553587846
553761951
553813641
554258706
554500159
557211409
557727383
570053218
571225209
578059541
578070812
578159198
578127091
590462296
590446479
593057457
595090052
595165249
595174280
595275605
595452140
606125019
606127445
606235434
606240616
606264310
606404732
609603302
606357467
609600648
609807072
609809539
613034813
613243803
613213637
615257011
615275060
615291805
615297447
615409415
615493386
615574920
615608868
615676863
615678300
615682316
615709796
615707467
615719740
615737501
615757375
615757383
615766412
615782604
615793312
615813488
615828582
615816584
615884105
615905323
615932916
615929796
615927335
615949258
615965768
615972705
615975925
615990886
618233784
618872256
634050575
634049011
634067915
646913204
648007758
648092100
648026981
648144925
670863734
670922854
671017748
671019554
671213164
671250779
671319728
671215132
671510991
671546856
671551701
671678574
671721968
671726730
671743813
671872486
671878611
679409076
679421475
679446524
679452524
679643656
679720766
679759417
679882898
683306499
684830787
684847477
684855283
684870533
688001297
689714297
691114064
691121435
691131171
691127468
691146748
691157243
692048413
692202307
692104089
692054634
692275959
692280200
692247688
692313087
692306617
692349863
692353232
692341137
692354913
692406212
692408878
692427988
692457941
692478876
692475419
692491910
692489193
692478191
692513892
692515097
692520341
692545824
692603972
692620753
692639705
692653317
692644946
692674446
692685898
692715975
692720367
692723218
692758100
692740163
692769587
692778748
692850120
692330844
692972641
692967974
692994564
692971076
694012068
694013870
694519081
712672818
714837741
714875058
715321412
716752514
718002482
718042441
718083474
718085647
718075234
718097998
718094174
718097335
718090942
718098544
718099303
718083377
718178017
718182677
727861662
727880462
732296048
735216207
735231222
735284849
735289549
735338981
735622922
736041516
736420959
736421866
736402381
736434259
736914781
736916032
736939415
736937986
736947795
736953434
736948511
736960694
738213241
738215201
738711144
738708151
738711500
738712507
738733075
738734152
738744735
738737763
738753203
739055011
739400223
739410474
739436295
739450107
739465953
739475592
739476475
739480766
739482440
739499904
739492284
739487884
740748475
740778005
740791451
740774549
743201256
743213017
743221818
743235533
743236726
743288491
743288505
743287029
743281616
62381008
743288106
743288513
743296362
743412710
743421914
743419154
743435427
743555619
743581784
743933664
743597176
743933346
747207682
747246033
747254389
747598495
749016183
749020016
750926112
751570419
751548006
751551929
752583352
755364198
755390911
756410835
756629748
756635276
756661579
756666937
756642787
756686814
756972698
757305601
757306349
758208545
758210728
758215290
758234988
758234961
758234546
758268661
758272766
758246935
758280416
758272758
758273339
758293933
758294018
759287066
760340641
760339716
760340765
760346194
760350469
760701717
760746737
761116966
761156445
761166211
761166041
761193502
761193294
761193316
761366172
761189939
761453598
761922776
761925538
762103574
762427310
762440600
762439351
762437405
762462310
762771844
763614270
763623849
763632511
763641537
763647594
763658359
763665126
763667765
763665134
763688266
763690902
763689211
763693405
763751456
764121073
764140760
764164465
764206036
764206222
764210238
764208489
764211188
764211420
764211757
764213288
764213261
764213512
764217216
764213733
764214322
764212818
764217534
764218808
764218220
764217518
764218816
764217208
764209760
764229354
764230875
764230468
764230182
764347535
764554190
764812203
764979434
764981218
764976451
765300591
765301679
765316897
765328720
765322749
765333139
765336308
765363135
765380412
765381265
765380439
765389525
765381702
765385783
765397366
765399113
767921771
767923200
767921755
768321573
768408512
768420172
768409152
768423104
768426707
768441323
768436257
768939909
769204503
768937809
769239536
769636969
770436404
771022905
771045328
769685587
771041713
774804904
778303640
778313492
778313700
778313611
778313956
778314367
778313719
778317226
778316548
778317331
778318508
778319865
778318001
778318761
778319067
778318591
778320618
778315916
778324125
778319970
778326675
778328066
778327248
778328228
778328201
778330850
778330389
778330176
778325121
781411076
781407265
781411149
781443377
785115021
785131833
785148655
785190368
785187928
785212531
785214127
785216650
785268235
785271708
785267816
785823085
785829741
785835733
785834206
786005262
786006617
786017708
786014482
786032448
786041145
786039183
786120746
786114940
786170077
786269448
786298030
786420278
786705205
786711922
786709618
786711078
786819952
786860707
786868481
786934301
786928735
786965150
786965916
786936886
786957387
786965754
787976385
787986127
788603248
788751441
788846361
789030950
789404354
789454726
789754053
789749637
793509629
793534909
793599458
793598397
794833535
794821944
794836879
795348088
794836666
800708229
800722663
800725387
800725395
800728165
800720423
800727258
800729196
800726626
800727681
800733398
800794966
800793420
800796454
800797167
801014891
801015251
801015626
800798201
801013135
801015693
801070880
801072913
801075912
801495970
802120393
802120555
802124542
802125441
802127185
802126820
802127061
802136346
802127754
802150926
802410847
802414680
802415040
802414508
802450091
802481531
802723322
802727980
802789919
802796028
802816223
802850111
802853757
802874010
803251661
803289618
803291892
803494947
803494955
803616767
803627718
803629818
804115664
804170541
804191344
804834717
804836302
804839328
804843007
805021035
805062483
805075097
805079777
805086919
805088407
805091653
805093303
805099778
805242376
805448888
805446826
806113669
806315180
806614390
807001309
807020745
807218677
811214389
811714551
811729117
811731367
811732673
811732983
811854299
811867293
811875016
811879631
812216083
812554523
812974239
812982223
812975707
812989902
813108462
812997190
813933153
814438806
814620280
815341296
817003282
818401141
818909897
819221678
817949127
819908797
380978733
821729144
821735683
821756036
821759213
821767453
821769359
821778323
823024156
62663089
823408213
824807030
825427703
825429757
825443946
825629977
825640377
826102956
826428991
826441688
829439064
830712542
830821996
830824618
830836942
834115956
834192489
836218787
836218221
840064152
842304746
842320156
842355707
842387455
843174773
843954213
847820378
847844943
714531146
848734343
848814622
849913837
849944406
849946719
849958490
849964504
850454662
851512283
857688332
857662082
859536580
865653062
866538062
867094192
867169370
870528777
870715852
870493167
870715283
871666820
871407124
871922401
872866696
873417283
873588983
873648595
873801547
875166997
875421849
875421261
875796133
877475113
877730504
877937214
877738513
878936173
879466537
881431087
881509183
881929352
882664751
882849018
883446855
883682583
883680319
883683393
884191982
884197646
887402429
887431380
891073450
891416447
891454187
891904417
892391081
892436794
892762594
894860909
895555158
895553139
895824612
896081494
896899683
897500539
898390842
899334423
899661742
900406828
899977472
909536031
910355282
912986158
920470483
925279773
929619021
929975472
931253063
935039074
935008918
935008837
935526501
935952977
937611360
938256440
938256823
939680440
940262118
941232301
941423484
941807576
945053304
945863330
952256401
953735710
954161793
956154514
956937691
960353240
961413514
961413506
962865761
963277642
963576658
963648012
963906534
964047934
964209667
964455218
964935805
966398130
966661427
966891627
967398398
967479606
967605091
970409869
971115540
971222088
971115532
971412936
971940509
971940541
972394664
972859837
974128759
974701777
974934429
975300202
975589962
975870041
976230801
976726947
976899809
976897431
977002403
977344614
977628876
978728300
979017580
979167337
979267102
979830796
979804736
980106613
980106672
980211115
981672701
981869270
981943675
981956289
982067933
982312733
982505639
982513828
982770502
983078351
983224765
983212546
983202710
983343705
983429707
983548684
983548625
983579253
983576106
983573336
983782369
984035044
984755748
984755705
984755764
984993207
985049146
985081821
985088842
985146346
985299061
985349549
985466278
985350318
985557834
985562250
985525428
985832703
985726776
985925213
985965274
986180076
986180033
986214752
986189812
986223514
986288276
986324558
986203718
986306304
986308056
986395404
986408026
986388149
986428809
986381837
986447994
986417750
986417114
987712934
987741101
987712977
988264269
988275732
988442558
988471493
988536846
988536897
988570238
988599112
615913903
988699656
988715392
988715430
988698706
988868970
988940906
989102300
989275914
989291227
989262707
989341437
989311287
989393518
989401197
989450252
989508064
989492559
989509001
989405028
989596192
989636208
989665003
989715477
989686140
989769534
989806898
989939197
989939146
989975924
989904466
990358860
990447340
990447308
990501337
990447324
990480771
990543757
990505693
990600505
990678873
990678881
990678806
990678822
990759717
990759903
990716627
990938328
990897990
990995283
991068076
991190971
991158997
991248244
991339673
991345320
991434897
991577531
991725700
991836952
991931319
991853253
992027969
992365481
992504686
992996155
992925444
993092233
992988810
992994381
993277683
993836712
993752772
993592414
994096062
994294506
994499604
994527217
994527268
994527233
994527276
995154368
995236135
995337810
995236143
995186537
995401209
995401268
995401241
995645604
995693307
996014144
996044949
996066632
996057404
996156488
996156453
996290354
996389253
996467319
996474447
996508813
996546987
996480056
996496807
996634614
996649786
996648526
996661786
996750312
996763228
996826076
996861637
996893628
996860517
996935800
996748687
997046538
997062754
997189916
997194308
997245069
997258896
997346418
997230673
997350008
997389702
997467444
997482281
997431296
997482265
997539313
997646012
997658746
997661070
997646039
997570717
997745541
997749342
997816198
997823917
997889969
997912928
997939362
997889926
997816104
997964227
998106119
998089508
998151637
998166731
998225991
998208701
998208795
998411027
998654000
999161016
999122002
998967130
999238906
998963437
999156616
999170392
999216813
999270400
999432303
999348019
999399438
999615017
999488015
999709208
553233327
990627330
999358901
995401284
843955074
848753798
615937578
997465727
984946454
984946462
998776211
995611734
998084301
764230670
986261564
321939964
692077278
875096107
991055829
134126793
999085417
692072276
399162615
996683054
4126505
986109967
997609621
987561480
993757987
990523659
648198502
692802614
981180752
997280344
692834834
977147487
988221802
998624616
804793077
525558586
997076518
692088369
998210730
692321373
648144909
988285878
984223940
997832223
718088816
999113402
130047716
692980474
984946470
989102378
989102386
996156666
998217921
999201522
996350764
990746100
998693308
692726594
664262759
991391705
983893497
991345347
692467149
998197440
844900850
998951226
915230704
988935708
399550844
747264376
316561681
765396955
996927158
999099574
735223521
991725727
778364151
62413511
983872422
62795783
999270613
473398435
989405060
991022815
62834827
990610632
62694669
62412256
62447688
692120599
997177993
999865102
801015324
310763339
